2 0.7044902912621359 0.21440129449838188 0.045509708737863974 0.0598705501618123
2 0.7327063106796118 0.1747572815533981 0.030946601941747646 0.051779935275080895
0 0.8164441747572816 0.1577669767073244 0.023665048543689407 0.027508090614886745
2 0.8250910194174759 0.177991340494116 0.02093446601941764 0.035598705501618186
3 0.5784283980582525 0.22977346278317154 0.013652912621359264 0.042071197411003285
1 0.5793385922330098 0.2532362459546926 0.031856796116504854 0.04368932038834952
4 0.1169599514563107 0.2637540453074434 0.019114077669902904 0.05825242718446603
4 0.5488470873786409 0.1407766990291262 0.01638349514563096 0.04854368932038836
4 0.9311286407766991 0.32847896440129454 0.01638349514563103 0.05825242718446606
3 0.9101941747572817 0.27993527508090615 0.012742718446601914 0.04207119741100325
