4 0.11739609202242766 0.2603129502625719 0.015007335475031986 0.05335941502233595
4 0.5494621214245583 0.14197553791464945 0.011618582303250519 0.033564793320501655
1 0.5395379157071984 0.23363324275140393 0.029530563354095065 0.02926161468966807
3 0.5409896322953003 0.2159902291734191 0.013070905091156815 0.037007336225168504
2 0.7041345079588005 0.21297798908508944 0.04502200642509593 0.05852322937933621
2 0.7583545490850842 0.172958424056651 0.026625917778282684 0.04733496493916899
2 0.8859169006228561 0.172958424056651 0.014523227879063114 0.02667970751116801
2 0.8387164003936814 0.16994618396832137 0.015007335475032024 0.02754034323733471
2 0.8283085056468843 0.16521229625900424 0.015491443071000931 0.024958436058834542
3 0.908019556765933 0.26719803607190556 0.01065036711131313 0.0378679719513352
4 0.9285941151612775 0.321848393398432 0.01888019624278229 0.05766259365316945
