4 0.1183255786066877 0.26048507740780513 0.01523002496917762 0.0531098306617476
1 0.5292433152859392 0.21452205200103244 0.027531198982744275 0.04373750760379213
3 0.5307069723333261 0.2035871880745281 0.01757310573366631 0.04269613837513045
4 0.5485737839859556 0.1405848458693319 0.013472714395810997 0.041654769146468734
2 0.7040957115144784 0.21087726880399782 0.04803315567202162 0.06560626140568822
2 0.7644300994144921 0.17495003041516857 0.03046004993835524 0.03540655377449843
4 0.9317577552699342 0.3243865374863287 0.020501956689277706 0.05519256911907103
3 0.9089135910325526 0.26919375444014404 0.009958093249077678 0.03853066146048352
2 0.8837570962066544 0.17630227228091072 0.010002223057206123 0.01849299907465653
2 0.841347650563483 0.17452409929296286 0.013202934435511937 0.022049345050552022
2 0.8305456592024316 0.1606538836621928 0.01560346796924151 0.02276061424573111
