4 0.1184853341133574 0.26143177670658857 0.01757310573366647 0.052068461433085925
1 0.5221342211710185 0.21490074082382726 0.025028362711585574 0.028400978963501407
4 0.5490264245881864 0.1367980486741984 0.012780440533575615 0.038814671250118574
3 0.5239974003490365 0.19549303279180064 0.015975550666969554 0.042601468445252096
2 0.7034567106566818 0.2158474401226107 0.05112176213430246 0.0719491467075369
2 0.7756129848813711 0.1746660206255336 0.02715843613384834 0.03692127265255182
2 0.8443078527493401 0.1699325241316167 0.015443032311403754 0.027454279664718032
2 0.8325924436346754 0.1623584538880024 0.018638142444797837 0.027454279664718015
2 0.882383640206495 0.18129247710436677 0.014910513955838383 0.02556088106715123
3 0.910073869661698 0.2636557547111713 0.012780440533575757 0.04070806984768531
4 0.9313756570362068 0.31809129128177605 0.013845477244706927 0.04165476914646868
