4 0.11951543490388125 0.26350299260295024 0.0160035568915297 0.054056458833611425
1 0.5412091430911946 0.24003114646802218 0.024005335337294653 0.027028229416805764
3 0.54280899381265 0.21122442074475614 0.013603023357800337 0.03911980573485039
2 0.7014447167063999 0.2130028983982254 0.04521004821857133 0.05974661239504425
2 0.7536563767307459 0.1738830740103839 0.031206935938483015 0.0455212284914623
2 0.836474763763794 0.17103799101200376 0.015203379046953102 0.025605691026447507
2 0.8234721441658311 0.16321382779096333 0.01000222305720598 0.01707046068429836
2 0.8660813638937421 0.16534784366823468 0.012802845513223672 0.018492999074656548
2 0.88624050003311 0.17199774865191267 0.01204929283138398 0.023941078566932922
4 0.9284130249429537 0.32005441873689233 0.019845894075220798 0.06300283833403394
3 0.9078583489364753 0.27154223321968624 0.015593202487673352 0.04662210036718513
