4 0.11843520356117493 0.26215158113210996 0.017603912580682675 0.05555012414348756
4 0.5497310792828445 0.14044010600782797 0.012322738806477957 0.032078240702577344
1 0.5237652863576576 0.2163325222940077 0.02464547761295577 0.02738386401439527
3 0.5237643241357458 0.19481645131465813 0.014083130064546055 0.03442542904666837
2 0.7035452129717279 0.21359414615171324 0.04621027052429212 0.06415648140515469
2 0.7735207917223573 0.1670415704878112 0.02772616231457519 0.043031786308335464
2 0.8443765398596053 0.16938875883190221 0.016283619137131496 0.024254279555607248
2 0.8333743175572131 0.1611732610757951 0.013643032250029137 0.023471883440910196
2 0.8831051606583153 0.17447434383657792 0.011882640991960895 0.02347188344091027
3 0.9082396056731915 0.2683618673410738 0.010122249733892516 0.0375550135054564
4 0.9289242029554936 0.31804402062433373 0.019804401653268116 0.058679708602275546
