4 0.11871525705930477 0.2610135504198234 0.017603912580682675 0.05334518963843237
1 0.5384085365396714 0.2176261295138984 0.02800622456017692 0.033429652173417604
3 0.5386081237466012 0.20091108270012814 0.01560346796924151 0.03414092136859672
4 0.5490104357260954 0.14187563069114817 0.012402756590935482 0.032718382978238515
2 0.7050455726727243 0.21266948935855026 0.046010226063147856 0.06828184273719341
2 0.7632584989372928 0.1728384051020252 0.027206046715600393 0.03840853653967129
2 0.8846854987801452 0.1739053182212894 0.012402756590935553 0.017781729879477445
2 0.8432763350845479 0.17426095592771076 0.013603023357800196 0.02133807585537294
2 0.8320739128545785 0.16323598184574523 0.014403201202376578 0.019204268269835616
3 0.9081796082393427 0.267437214278509 0.01000222305720598 0.04694376688182047
4 0.9295843457011459 0.32007113472176213 0.015203379046953246 0.05690153561432787
