1 0.545021953502891 0.23363321641959817 0.030014670950063972 0.03958924340366856
3 0.547200047984876 0.21297746621066038 0.021784841818594743 0.025819071785001278
4 0.5500591259567049 0.1420466648341674 0.014003112280088388 0.03058457539270119
4 0.11896331219112348 0.26082862042907673 0.01440320120237672 0.051922651248074166
2 0.7048935388822549 0.2135292189496667 0.04521004821857133 0.06116915078540245
2 0.7505036481902494 0.17440941632364815 0.03240720270534766 0.03983107493002942
2 0.8203191929624128 0.16196220229918212 0.012802845513223672 0.02204934505055201
2 0.8343222416245237 0.1708530890007438 0.018404090425259055 0.027028229416805695
2 0.8841742569975538 0.1697861634461522 0.01640364581381789 0.023471883440910234
2 0.866570344416871 0.1637403752871299 0.010002223057206123 0.02276061424573111
3 0.9087797257182808 0.27007511996640504 0.012002667668647432 0.036274728954134014
4 0.9293843052161254 0.3216421366168896 0.019604357192123844 0.06685930434683517
