1 0.559392251466713 0.24585634285862973 0.024861878453038666 0.03928790669122161
3 0.5589221867369957 0.2284244891134356 0.014548688083208815 0.032977026321939995
4 0.11900623082096881 0.26140151543537565 0.016367274093609937 0.05366849381805924
4 0.5489199636797896 0.14177896897343636 0.01054779886032641 0.030390592884925134
2 0.7047727847711641 0.21290588849134617 0.0451009330579474 0.06660066100313372
2 0.7404170705750258 0.17798903709164496 0.03346198259138035 0.04590919350701446
2 0.8315282296961212 0.17572590783425696 0.016367274093609864 0.02457111765164161
2 0.8189799862243535 0.16473356572694364 0.01382125367904834 0.02327790093313414
3 0.9076158306716242 0.2704540324649278 0.01091151606240686 0.0381498931959699
4 0.929802554695913 0.32153608436733966 0.02036816331649234 0.05625492725507414
