2 0.7040351941747574 0.20792873466930814 0.05006067961165059 0.059870550161812294
2 0.7358919902912624 0.17961165048543687 0.028216019417475736 0.04854368932038836
0 0.8205400485436894 0.15453074433656958 0.026395631067961178 0.0372168284789644
2 0.8319174757281556 0.17313915857605178 0.01638349514563103 0.032362459546925564
3 0.9079186893203886 0.2669902912621359 0.008191747572815586 0.04854368932038831
4 0.9302184466019418 0.32119741100323623 0.023665048543689268 0.06310679611650481
1 0.5734223300970875 0.25566343042071193 0.027305825242718386 0.02912621359223305
3 0.5743325242718447 0.2273462783171521 0.016383495145631102 0.037216828478964424
4 0.1192354368932039 0.2629449838187703 0.014563106796116507 0.06957928802588999
4 0.5502123786407768 0.14401294498381875 0.013652912621359122 0.03883495145631066
