4 0.11803910678063763 0.2620342217149053 0.017427873454875852 0.049916872117669125
1 0.5297725930965319 0.21774085752860997 0.02565770258634501 0.029261614689668067
4 0.5486528133948618 0.14329584840675705 0.012102689899219286 0.030122250415834807
3 0.5319503171230809 0.19235194561585758 0.013555012687125653 0.03700733622516847
2 0.7042933525766175 0.21343766385103038 0.04841075959687742 0.05852322937933625
2 0.7660171239848413 0.17212714523334177 0.029530563354095138 0.04647432921300229
2 0.8831711622092846 0.174709059935215 0.010166259515344223 0.020655257428000978
2 0.8442005632782226 0.1708358154754377 0.011618582303250661 0.021515893154167715
2 0.8323397106770577 0.1626596669879443 0.016943765858907084 0.024097800332667882
3 0.9094718795538393 0.2650758036593463 0.009682151919375315 0.04131051485600199
4 0.9293202621219018 0.31972617227093236 0.015491443071000931 0.05594132220083612
