4 0.11909046860831836 0.261603903851822 0.020332519030688515 0.05422005074850265
1 0.540264019367837 0.22763814580940803 0.027110025374251445 0.028400978963501407
3 0.5434100163196383 0.20310980943583748 0.012102689899219287 0.029261614689668036
2 0.7043765328901276 0.21171638863701034 0.04550611402106469 0.06024450083166965
2 0.7561760216032388 0.1716968010384527 0.032919316525876784 0.043892422034502145
2 0.8842224951703082 0.17255746309642514 0.01307090509115696 0.024958436058834507
2 0.837506116970431 0.17384801042352882 0.01258679749518805 0.020655257428001086
2 0.8254033067934726 0.16696289075901632 0.009682151919375458 0.017212714523334186
3 0.9093961190273417 0.26851834656401313 0.011134474707281754 0.04303178630833543
4 0.930938907047952 0.32488998662793267 0.018396088646813382 0.06282640801016985
