4 0.11740331491712713 0.26058931860036855 0.022099447513812133 0.05402087170042968
1 0.5524861878453039 0.23848987108655642 0.01933701657458563 0.03928790669122161
3 0.5559388696262535 0.22866613427871435 0.01795580110497241 0.049109883364027024
4 0.5487299200249879 0.14553539337073074 0.011694901865755013 0.033265498640369984
2 0.7038811225263296 0.21622574116240442 0.04599994733863653 0.0693031221674373
2 0.7448132325664316 0.17533689908361644 0.031186404975346704 0.042967935743811136
2 0.8327626104346072 0.17621060786646361 0.016987335542544457 0.021868753801896047
2 0.821340091707724 0.16163143866519955 0.018744646115910937 0.023951492259219533
4 0.9297075596010064 0.31991952956029573 0.015230024969177691 0.05935804603371793
3 0.9083269650893732 0.2699338384460182 0.013472714395810926 0.036447923003160056
2 0.8851890250757178 0.1710037389649514 0.012886944204688859 0.01770327688724926
