4 0.1181843390594282 0.26237847600537195 0.01704058737810083 0.053961860030652675
4 0.5505892490709576 0.14025427060017115 0.012780440533575615 0.03502787405498504
1 0.542867738207476 0.2245104999161816 0.01757310573366638 0.038814671250118594
3 0.5468611919121362 0.21598984623372933 0.020235697511494663 0.023667482469584514
2 0.7055520852483417 0.21409681176741963 0.04686161528977735 0.06342885301848643
2 0.7486513361730127 0.17135257307979174 0.029821027911676623 0.04733496493916899
2 0.8333217070779665 0.17229926824071995 0.01597555066696927 0.02461418176836787
2 0.8232042869920809 0.16046508011756677 0.015975550666969412 0.021774083872017767
2 0.8844435274266949 0.17229930134356153 0.009585330400181676 0.013253790182967311
3 0.9073418061315769 0.2693359505038716 0.011715403822444301 0.031241076859851554
4 0.9307739421238148 0.31383097064733273 0.012780440533575757 0.03502787405498502
