4 0.1183643072143652 0.2624645395779887 0.01694376585890705 0.05249877929616925
1 0.5284034361888068 0.21688022180244337 0.023721272202469876 0.024097800332667844
3 0.5288867499516985 0.20095817874186866 0.017911981050844687 0.04561369348683564
4 0.5489780138285895 0.142435231489023 0.01161858230325059 0.033564793320501635
2 0.7055868211244878 0.21257702436317708 0.04308557604122086 0.05680195792700278
2 0.7694890045479278 0.17083619164409172 0.02565770258634487 0.040449879129835296
2 0.8830122550470436 0.17599999471603234 0.013555012687125723 0.016352078797167487
2 0.8435579141643393 0.1716963834912467 0.015975550666969554 0.028400978963501407
2 0.8346012981946742 0.16352030647579752 0.019364303838750915 0.030982886142001505
4 0.9300464523825122 0.3210171258601824 0.016943765858907084 0.060244500831669615
3 0.908019556765933 0.26679707511167977 0.01065036711131313 0.046474329213002256
