4 0.1182787964168084 0.260431602896495 0.016367274093609937 0.050435452021790575
4 0.5492836808818699 0.13886923135679458 0.012730102072807625 0.033623634681193726
1 0.5181858275720906 0.20805630883967863 0.0167309912956901 0.027157551088656504
3 0.5189127559241562 0.1918908228896796 0.012366384870727531 0.034916851399701195
2 0.7042271800507813 0.2112893506359472 0.04910182228082988 0.06336761920686512
2 0.7782436379034218 0.16958312842134654 0.02764250735809668 0.04202954335149215
2 0.8815393377528358 0.17572589652941384 0.01382125367904834 0.020691467496119206
2 0.8455313419762096 0.17119964931948087 0.015276122487369434 0.024571117651641553
2 0.8358928325064262 0.1595607129839677 0.01927701171025177 0.029743984525671396
4 0.9299844385995577 0.3212127886663452 0.01927701171025177 0.0569015356143278
3 0.9090707030946028 0.26754430050070743 0.010911516062406576 0.029743984525671396
