4 0.1187582418195505 0.2607549070761219 0.01587129609077328 0.05937040389511484
1 0.522153700556967 0.21049580535795578 0.02248433612859543 0.029391289056987516
3 0.5231449139147608 0.19286094456815753 0.012564776071862127 0.032918243743826035
4 0.5482751922761019 0.13966279616133334 0.011903472068079991 0.028803463275847783
2 0.7046735891705965 0.2122592570085499 0.048275192276101955 0.06466083592537253
2 0.7812195374665462 0.17405060178872617 0.030750636175873182 0.04467475936662105
2 0.8817377460414434 0.1796349672638141 0.013556732077535258 0.021749553902170753
4 0.9297364298818238 0.3227705218478005 0.018847164107793333 0.05407997186485705
3 0.9103937018138172 0.2681025828912651 0.011903472068080134 0.03409389530610557
2 0.8401902241166781 0.16326800140229775 0.020754552511093465 0.03505213312984644
