2 0.703125 0.21278317152103562 0.046419902912621325 0.06310679611650485
3 0.5852548543689321 0.2346278317152104 0.01820388349514566 0.0323624595469256
1 0.5834344660194176 0.2588996763754045 0.03458737864077676 0.051779935275080895
4 0.12014563106796118 0.2588996763754045 0.018203883495145644 0.05501618122977345
4 0.5474817961165049 0.13592233009708737 0.015473300970873823 0.03883495145631066
4 0.9297633495145632 0.32362459546925565 0.022754854368932056 0.05501618122977348
3 0.9088288834951459 0.2791262679279839 0.011832524271844704 0.033980582524271837
2 0.7290655339805826 0.18203883495145629 0.03822815533980588 0.05339805825242719
2 0.8264563106796117 0.19012958567756505 0.01820388349514559 0.027508090614886703
0 0.8141686893203886 0.16262135922330095 0.022754854368931918 0.03398058252427187
