0 0.17902409432126262 0.513244129426828 0.06941750596130593 0.057543458888977245
0 0.26716605912739444 0.5086771882451632 0.05023635299831348 0.041102470634983845
0 0.31283547094404307 0.5073071058906637 0.03196858827165407 0.032881976507987076
0 0.3667253768876884 0.5196378470811588 0.061197011834309124 0.04292924710764964
0 0.45441064757565386 0.5237480941446573 0.09590576481496207 0.06211040007064213
0 0.6918915890222266 0.5264882588536561 0.2329140002649079 0.11326014130528868
0 0.8517345303804968 0.530141811798988 0.08311832950630048 0.03836230592598483
0 0.9585208946391522 0.530141811798988 0.0829582107216956 0.05114974123464656
3 0.5480329417997833 0.5068503734336036 0.08585849421529942 0.1415751766316108
2 0.5594502947539456 0.6571027766492712 0.1032128707056259 0.15892955312193713
