0 0.1747277759163234 0.5120715599219546 0.05996839445100077 0.051401480958000574
3 0.21873055885764217 0.520249068256182 0.023364309526363945 0.08489032461245564
3 0.36560710465292084 0.5089209181827936 0.028320375183471497 0.07080093795867853
2 0.36348350406495766 0.5524640371497632 0.028320455853433457 0.05734937116275294
2 0.30507241563619664 0.5294523545886407 0.01911625324884321 0.03256821135115243
3 0.3043642933186639 0.4972387634196116 0.02053227200801679 0.041772553395620304
0 0.328436757430546 0.5029034987858252 0.0361084783589261 0.03752449711809966
0 0.5298652807170551 0.5206030729459755 0.18266641993339072 0.12106960390934042
0 0.7721202003338898 0.5166944908180301 0.09181969949916521 0.05509181969949921
0 0.8639398998330552 0.5267111853088481 0.07846410684474123 0.05509181969949914
0 0.9549248747913188 0.5333889816360601 0.09015025041736223 0.05509181969949914
