3 0.2019501390532203 0.5286347212090388 0.03817962827871831 0.11353415777618842
3 0.44258226991514193 0.5030141896144557 0.047222171818414795 0.08439707303716659
2 0.4360515440253612 0.5859041636271162 0.046217444758448495 0.08942070833699788
2 0.7384743890752086 0.6723106907842155 0.11855779307601992 0.13362869897551385
3 0.737972025545225 0.5296394356171703 0.10750579541639144 0.1456854321296658
3 0.9003837333965586 0.5226063757183544 0.18516635436735498 0.2119974096528829
2 0.9022448998497106 0.7089832200384276 0.19089814139359135 0.14267124251521032
0 0.38531282749706464 0.511052014528742 0.07937343773733538 0.062293077717908714
0 0.17582723549409723 0.5120567415887087 0.05626471535811112 0.044207990638515895
0 0.7359625714252929 0.5381796029750487 0.3365835650887006 0.17683196255406358
