0 0.17696160267111855 0.5141903171953256 0.07345575959933223 0.05676126878130219
0 0.2378964941569282 0.5050083472454091 0.04173622704507515 0.045075125208681115
0 0.3313856427378965 0.5108514190317195 0.04507512520868115 0.0400667779632721
0 0.4332220367278798 0.523372287145242 0.07846410684474123 0.06510851419031717
0 0.5918196994991652 0.5258764607679466 0.2320534223706177 0.11352253756260432
0 0.7696160267111852 0.521702838063439 0.09348914858096834 0.0617696160267112
0 0.9549248747913188 0.5342237061769616 0.09015025041736223 0.05342237061769616
3 0.2904841402337229 0.4991652754590985 0.030050083472454078 0.060100166944908155
2 0.2879799666110184 0.5617696160267112 0.03171953255425706 0.06510851419031717
3 0.8280467445742904 0.49916527545909856 0.02337228714524201 0.033388981636060105
3 0.8631051752921536 0.508347245409015 0.013355592654423987 0.03505843071786309
2 0.8313856427378965 0.5325542570951586 0.01669449081802995 0.033388981636060105
2 0.8622704507512521 0.5392320534223706 0.02170283806343903 0.026711185308848116
