0 0.17529215358931552 0.5108514766992183 0.06010016694490819 0.05342237061769616
3 0.21201996998379816 0.5258764607679466 0.026711185308848116 0.0801335559265442
0 0.34557592189011205 0.506677796327212 0.05676126878130219 0.05509181969949921
3 0.33889859476125755 0.5058440713562885 0.030050083472454078 0.05342237061769616
2 0.33722876524835377 0.546744535845485 0.036727879799666144 0.03171953255425706
0 0.5889752936501622 0.5315534118005937 0.23582023556233117 0.14282070604479216
3 0.43245376406037556 0.4975089342029295 0.04899082358513212 0.0680889412539124
2 0.4299627052340129 0.5772228236172423 0.04899082358513212 0.09133882363329725
0 0.778295764453724 0.5178525534020595 0.10794588247571496 0.05231223535361572
0 0.9177950587300324 0.5240852169007026 0.16108847077145158 0.07806326519049968
