0 0.17696160267111855 0.510016694490818 0.06677796327212017 0.05509181969949907
3 0.22287145242070117 0.5191986644407346 0.02170283806343907 0.07011686143572618
3 0.2871452420701168 0.510016694490818 0.02003338898163605 0.0617696160267112
3 0.33138564273789656 0.503338898163606 0.01836393989983314 0.05175292153589318
2 0.33222036727879806 0.5367278797996661 0.030050083472454112 0.048414023372287146
0 0.3180303544283531 0.5008360124483731 0.03839732888146909 0.04340567612687821
0 0.48914850488206035 0.5183639398998331 0.16694490818030047 0.10851419031719545
0 0.7779632721202003 0.5175292153589315 0.09682804674457429 0.060100166944908225
0 0.865609348914858 0.5233722871452421 0.06844741235392306 0.045075125208681184
0 0.9323873121869783 0.5959933222036728 0.13522537562604342 0.24373956594323873
