0 0.17779632721202002 0.5091819699499165 0.07512520868113524 0.056761268781302124
0 0.31636060100166946 0.5025041736227045 0.03505843071786309 0.036727879799666144
0 0.5008347245409015 0.521702838063439 0.1636060100166945 0.11519198664440744
0 0.7679465776293823 0.5175292153589316 0.07679465776293824 0.05342237061769623
0 0.8606010016694492 0.5191986644407346 0.09515859766277131 0.05342237061769623
0 0.9524206567849859 0.6118530884808017 0.09515868643002826 0.2654424040066779
3 0.220158865484316 0.5176221529907612 0.02176852718571322 0.08189112607958805
3 0.2911657594667518 0.5134757549244893 0.020731930653060324 0.06737877462244576
3 0.3481785530148153 0.5160672939987612 0.029024702914284432 0.04768344050203865
2 0.33833090170246394 0.5440553526377532 0.027988106381631253 0.04146386130612058
