0 0.1771637710352422 0.5141354072634501 0.06596523389610084 0.053714547601110635
3 0.2181561657746629 0.5230881573816315 0.031097895979590288 0.0810430016437811
3 0.3119212988057899 0.4981152898821397 0.022616651621520312 0.04806038469573068
2 0.3119213202801339 0.5400503205797754 0.03204025646382039 0.04334858227458056
2 0.37364593199719964 0.5537145476011105 0.03298261694805042 0.06690759438033084
3 0.37176121102873955 0.49387465685250476 0.038636779853430454 0.049002745179960595
0 0.5413892697120553 0.5245071081913703 0.20449876854894916 0.12346067293571196
0 0.33548040396702916 0.5028276348332823 0.047118081476417606 0.04429102956361162
0 0.7722671261728729 0.5197876713138484 0.10271735720410342 0.05559909495997017
0 0.8680695322077984 0.5292131750111302 0.07161939680148094 0.0461756637272704
0 0.9552378769990745 0.5386425046042206 0.0895242460018511 0.046187113228850975
