0 0.1731116209530532 0.5124391941988158 0.06219579195918078 0.052866423165303614
3 0.2192398516990691 0.5222872670714553 0.04250048933447771 0.0850010111628255
3 0.31979002638649173 0.49740850866836794 0.025914842450990974 0.045610199694094036
3 0.3907968928101859 0.49637191213571447 0.03731747517550844 0.06012259889387479
2 0.3902785945438595 0.5621957919591809 0.0342076855775494 0.06530558155713984
2 0.31875343379080157 0.5419821595724471 0.02176852718571322 0.039390668240814504
0 0.34725986993446367 0.5057012809295917 0.03524428211020243 0.04768344050203858
0 0.557170589057438 0.5259149013806662 0.21042906463285754 0.1357941457775447
0 0.7676027993237682 0.518660575679375 0.08603753583197381 0.05079291977284263
0 0.8631698797299677 0.5290252996972786 0.09744053075708863 0.0487202280052486
0 0.9730484822770958 0.5290309882044938 0.051829826632650365 0.08397691359663256
