0 0.182220953148428 0.513244129426828 0.06485056477964102 0.05388990594364536
0 0.25437862381873283 0.5050236352998313 0.0484095765256475 0.04110247063498371
0 0.3055283650533793 0.5073071058906637 0.03562214121698595 0.032881976507987076
0 0.35485132981535983 0.5178110706084929 0.05571668241631123 0.03927569416231776
0 0.4754185770113121 0.5269449529718225 0.07581122361563658 0.07033089419763897
0 0.6521592007417422 0.5301418117989879 0.2667093650092279 0.10595303541462478
0 0.8503644480259973 0.52922839289154 0.10595303541462485 0.04384263534398265
0 0.9548673416938204 0.532881976507987 0.09026531661235936 0.05480329417997829
2 0.4105680122316711 0.5991026236421274 0.05754345888897717 0.11417352954162148
3 0.40919792987717174 0.49680314117283453 0.05480329417997829 0.09407898834229612
