3 0.2070129402745556 0.5307230588584728 0.03321411768483532 0.09133882363329725
0 0.1783657637713851 0.5095490588343903 0.053972941237857466 0.05397294123785748
0 0.6396268231195361 0.5357051765111982 0.2507665885205068 0.15942776488720972
0 0.8293624703941583 0.522419529437264 0.12538329426025357 0.06642823536967071
0 0.955991294067593 0.5311432726743935 0.0830352942120885 0.05564373575323572
0 0.3597978816247981 0.5078883355233783 0.07141035302239578 0.05231220050007572
3 0.36644070516176525 0.5066427886834277 0.04151764710604418 0.07307105890663777
2 0.36602552869070487 0.5564639791520963 0.04234800004816506 0.04649976475876947
3 0.4984668229589851 0.509964266673636 0.08137458832784754 0.10628525326926092
2 0.48808741118247484 0.6067003530625337 0.06891929419603336 0.08884776480693461
